共 107 行标准答案, 107 行程序计算

  #  标准名称                      程序名称                         标准R   程序R          标准BC         程序BC       dBC          标准EC         程序EC       dEC  状态
-------------------------------------------------------------------------------------------------------------------------------------------------
  1  IP0                       IP0                            ?    27         0.000        0.000   +0.0000         0.000        0.000   +0.0000
  2  IP1                       IP1                           13    13        10.807       10.807   +0.0001        25.826       25.826   +0.0004
  3  IP2                       IP2                           13    13       101.948      101.948   +0.0002       115.243      115.244   +0.0005
  4  IP3                       IP3                           13    13       138.939      138.939   -0.0001       146.530      146.530   +0.0002
  5  一流量段末(1#斗门）               IP4                            ?    27       149.729      149.728   -0.0011       149.729      149.729   -0.0001
  6  IP4                       IP5                           13    13       249.133      249.133   -0.0003       252.809      252.809   -0.0004
  7  IP5                       IP6                           13    13       322.070      322.069   -0.0005       336.664      336.664   -0.0002
  8  IP6                       IP7                           13    13       370.146      370.147   +0.0009       380.328      380.328   +0.0003
  9  IP7                       IP8                           13    13       520.454      520.454   +0.0005       532.667      532.668   +0.0008
 10  1#倒虹吸进                    IP9 1#倒进                       ?    27       656.363      656.363   +0.0003       656.363      656.363   +0.0003
 11  IP8                       IP10                           6     6       807.500      807.499   -0.0007       814.447      814.446   -0.0007
 12  1#倒虹吸出                    IP11 1#倒出                      ?    27       844.866      844.865   -0.0010       844.866      844.866   +0.0000
 13  IP9                       IP12                          13    13       874.797      874.796   -0.0005       888.615      888.614   -0.0005
 14  IP10                      IP13                          13    13       946.201      946.201   -0.0002       956.594      956.594   +0.0000
 15  IP11                      IP14                          13    13      1001.113     1001.112   -0.0007      1014.432     1014.432   +0.0002
 16  IP12                      IP15                          13    13      1047.866     1047.866   -0.0005      1054.781     1054.780   -0.0006
 17  IP13                      IP16                          13    13      1101.327     1101.326   -0.0010      1118.622     1118.621   -0.0009
 18  IP14                      IP17                          13    13      1155.549     1155.548   -0.0010      1158.145     1158.145   -0.0001
 19  IP15                      IP18                          13    13      1180.840     1180.839   -0.0008      1184.790     1184.789   -0.0008
 20  IP16                      IP19                          13    13      1229.923     1229.922   -0.0007      1234.802     1234.802   -0.0003
 21  IP17                      IP20                          13    13      1296.277     1296.276   -0.0009      1304.933     1304.932   -0.0006
 22  IP18                      IP21                          13    13      1342.910     1342.909   -0.0008      1354.961     1354.960   -0.0005
 23  IP19                      IP22                          13    13      1402.900     1402.900   -0.0004      1417.712     1417.712   +0.0000
 24  IP20                      IP23                          13    13      1432.518     1432.518   +0.0001      1449.666     1449.666   -0.0004
 25  IP21                      IP24                          13    13      1497.078     1497.078   -0.0003      1502.171     1502.171   -0.0002
 26  IP22                      IP25                          13    13      1565.475     1565.475   -0.0003      1567.778     1567.778   -0.0002
 27  IP23                      IP26                          13    13      1727.732     1727.731   -0.0007      1729.342     1729.342   -0.0002
 28  IP24                      IP27                          13    13      1803.710     1803.709   -0.0007      1816.495     1816.495   -0.0003
 29  IP25                      IP28                          13    13      1861.890     1861.891   +0.0007      1865.455     1865.454   -0.0011
 30  2#倒虹吸进                    IP29 2#倒进                      ?    27      1871.834     1871.833   -0.0015      1871.834     1871.836   +0.0015
 31  IP26                      IP30                           6     6      1976.896     1976.896   -0.0002      1979.969     1979.968   -0.0007
 32  IP27                      IP31                           6     6      2185.819     2185.819   -0.0003      2188.443     2188.442   -0.0007
 33  2#倒虹吸出                    IP32 2#倒出                      ?    27      2242.890     2242.890   +0.0005      2242.890     2242.890   +0.0005
 34  IP28                      IP33                          13    13      2347.214     2347.214   -0.0001      2355.291     2355.292   +0.0008
 35  3#倒虹吸进                    IP34 3#倒进                      ?    27      2358.266     2358.266   +0.0003      2358.266     2358.267   +0.0013
 36  IP29                      IP35                           6     6      2468.479     2468.479   +0.0005      2473.263     2473.263   +0.0003
 37  3#倒虹吸出                    IP36 3#倒出                      ?    27      2495.095     2495.095   -0.0002      2495.095     2495.096   +0.0008
 38  IP30                      IP37                          13    13      2518.869     2518.869   -0.0004      2526.393     2526.393   -0.0004
 39  4#倒虹吸进                    IP38 4#倒进                      ?    27      2553.268     2553.268   +0.0002      2553.268     2553.268   +0.0002
 40  IP31                      IP39                           6     6      2682.816     2682.816   -0.0000      2683.806     2683.805   -0.0006
 41  4#倒虹吸出                    IP40 4#倒出                      ?    27      2729.833     2729.832   -0.0009      2729.833     2729.833   +0.0001
 42  IP32                      IP41                          13    13      2754.637     2754.637   +0.0002      2771.945     2771.945   +0.0002
 43  IP33                      IP42                          13    13      2826.723     2826.723   +0.0004      2842.601     2842.602   +0.0008
 44  1#渡槽进                     IP43 1#渡进                      ?    27      2858.513     2858.513   +0.0001      2858.513     2858.514   +0.0011
 45  1#渡槽出                     IP44 1#渡出                      ?    27      2942.512     2942.512   -0.0002      2942.512     2942.513   +0.0008
 46  IP34                      IP45                          13    13      2954.111     2954.111   +0.0002      2964.585     2964.585   +0.0002
 47  IP35                      IP46                          13    13      2981.951     2981.952   +0.0010      2989.290     2989.291   +0.0012
 48  二流量段末(2#斗门)               IP47                           ?    27      3001.117     3001.117   +0.0002      3001.117     3001.118   +0.0012
 49  IP36                      IP48                          13    13      3215.514     3215.515   +0.0010      3216.722     3216.723   +0.0012
 50  IP37                      IP49                          13    13      3259.891     3259.893   +0.0015      3268.206     3268.207   +0.0008
 51  2#渡槽进                     IP50 2#渡进                      ?    27      3327.651     3327.652   +0.0009      3327.651     3327.652   +0.0009
 52  2#渡槽出                     IP51 2#渡出                      ?    27      3447.651     3447.652   +0.0009      3447.651     3447.652   +0.0009
 53  IP38                      IP52                          13    13      3455.069     3455.070   +0.0009      3475.163     3475.164   +0.0011
 54  IP39                      IP53                          13    13      3513.531     3513.532   +0.0006      3516.254     3516.254   +0.0003
 55  IP40                      IP54                          13    13      3616.203     3616.204   +0.0010      3631.765     3631.766   +0.0009
 56  3#渡槽进                     IP55 3#渡进                      ?    27      3706.633     3706.634   +0.0007      3706.633     3706.634   +0.0007
 57  3#渡槽出                     IP56 3#渡出                      ?    27      3826.633     3826.634   +0.0008      3826.633     3826.635   +0.0018
 58  IP41                      IP57                          13    13      3835.535     3835.537   +0.0016      3851.742     3851.743   +0.0007
 59  IP42                      IP58                          13    13      3863.340     3863.342   +0.0019      3876.433     3876.435   +0.0016
 60  IP43                      IP59                          13    13      3920.185     3920.185   +0.0001      3925.103     3925.106   +0.0025
 61  5#倒虹吸进                    IP60 5#倒进                      ?    27      3927.597     3927.597   +0.0001      3927.597     3927.600   +0.0031
 62  IP44                      IP61                           6     6      4004.443     4004.444   +0.0007      4007.446     4007.447   +0.0012
 63  5#倒虹吸出                    IP62 5#倒出                      ?    27      4062.027     4062.028   +0.0011      4062.027     4062.028   +0.0011
 64  IP45                      IP63                          13    13      4104.978     4104.980   +0.0015      4124.708     4124.710   +0.0021
 65  IP46                      IP64                          13    13      4146.270     4146.272   +0.0023      4160.957     4160.959   +0.0018
 66  IP47                      IP65                          13    13      4167.753     4167.755   +0.0017      4171.551     4171.554   +0.0030
 67  IP48                      IP66                          13    13      4342.149     4342.151   +0.0019      4349.533     4349.535   +0.0023
 68  IP49                      IP67                          13    13      4397.898     4397.900   +0.0024      4411.731     4411.733   +0.0022
 69  IP50                      IP68                          13    13      4475.267     4475.270   +0.0029      4481.285     4481.287   +0.0023
 70  三流量段末(3#斗门)               IP69                           ?    27      4567.049     4567.051   +0.0024      4567.049     4567.051   +0.0024
 71  IP51                      IP70                          13    13      4596.927     4596.930   +0.0027      4604.949     4604.952   +0.0029
 72  IP52                      IP71                          13    13      4636.083     4636.086   +0.0025      4650.236     4650.239   +0.0029
 73  IP53                      IP72                          13    13      4690.677     4690.679   +0.0023      4697.518     4697.520   +0.0020
 74  6#倒虹吸进                    IP73 6#倒进                      ?    27      4774.385     4774.388   +0.0026      4774.385     4774.388   +0.0026
 75  6#倒虹吸出                    IP74 6#倒出                      ?    27      5274.863     5274.865   +0.0021      5274.863     5274.865   +0.0021
 76  IP54                      IP75                          13    13      5277.553     5277.556   +0.0030      5293.801     5293.803   +0.0022
 77  IP55                      IP76                          13    13      5362.049     5362.052   +0.0035      5378.369     5378.372   +0.0033
 78  IP56                      IP77                          13    13      5412.261     5412.263   +0.0025      5424.020     5424.022   +0.0023
 79  IP57                      IP78                          13    13      5465.008     5465.010   +0.0022      5478.081     5478.084   +0.0028
 80  IP58                      IP79                          13    13      5524.793     5524.796   +0.0025      5534.745     5534.747   +0.0025
 81  IP59                      IP80                          13    13      5592.416     5592.419   +0.0029      5600.114     5600.117   +0.0026
 82  IP60                      IP81                          13    13      5695.816     5695.820   +0.0039      5705.063     5705.066   +0.0032
 83  IP61                      IP82                          13    13      5724.398     5724.401   +0.0031      5731.633     5731.637   +0.0038
 84  7#倒虹吸进                    IP83 7#倒进                      ?    27      5794.460     5794.463   +0.0027      5794.460     5794.463   +0.0027
 85  7#倒虹吸出                    IP84 7#倒出                      ?    27      6421.361     6421.364   +0.0033      6421.361     6421.364   +0.0033
 86  1#新庄节制闸                   IP85                           ?    27      6631.081     6631.084   +0.0027      6631.081     6631.085   +0.0037
 87  IP62                      IP86                          13    13      6650.187     6650.191   +0.0035      6656.742     6656.745   +0.0033
 88  8#倒虹吸进                    IP87 8#倒进                      ?    27      6675.657     6675.660   +0.0031      6675.657     6675.660   +0.0031
 89  IP63                      IP88                           5     5      7247.136     7247.139   +0.0028      7249.496     7249.500   +0.0035
 90  IP64                      IP89                           5     5      7458.018     7458.021   +0.0027      7462.306     7462.309   +0.0034
 91  IP65                      IP90                           5     5      7715.507     7715.511   +0.0044      7716.355     7716.359   +0.0043
 92  IP66                      IP91                           5     5      9021.125     9021.129   +0.0035      9022.886     9022.890   +0.0037
 93  8#倒虹吸出                    IP92 8#倒出                      ?    27      9270.558     9270.562   +0.0040      9270.558     9270.562   +0.0040
 94  四流量段末(4#斗门)               IP93                           ?    27      9466.991     9466.994   +0.0028      9466.991     9466.995   +0.0038
 95  IP67                      IP94                          12    12      9497.489     9497.491   +0.0024      9504.679     9504.682   +0.0027
 96  1#隧洞进                     IP95 1#隧进                      ?    27      9542.868     9542.871   +0.0030      9542.868     9542.872   +0.0040
 97  IP68                      IP96                          12    12      9746.768     9746.771   +0.0035      9748.610     9748.613   +0.0034
 98  IP69                      IP97                          12    12     10104.369    10104.372   +0.0031     10116.744    10116.748   +0.0037
 99  1#隧洞出                     IP98 1#隧出                      ?    27     10160.643    10160.646   +0.0033     10160.643    10160.646   +0.0033
100  IP70                      IP99                          12    12     10167.291    10167.294   +0.0034     10181.207    10181.210   +0.0032
101  IP71                      IP100                         12    12     10294.465    10294.468   +0.0034     10300.258    10300.262   +0.0037
102  IP72                      IP101                         12    12     10367.660    10367.663   +0.0032     10378.065    10378.069   +0.0036
103  IP73                      IP102                         12    12     10516.414    10516.417   +0.0032     10519.884    10519.888   +0.0038
104  IP74                      IP103                         12    12     10623.594    10623.598   +0.0038     10631.709    10631.712   +0.0033
105  IP75                      IP104                         12    12     10676.928    10676.932   +0.0037     10688.135    10688.139   +0.0036
106  IP76                      IP105                         12    12     10705.884    10705.888   +0.0038     10722.092    10722.096   +0.0035
107  五流量段末(5#斗门)               IP106                          ?    27     10862.622    10862.625   +0.0033     10862.622    10862.625   +0.0033

=== IP桩号 对比 (标准=BC+T, 程序=col13) ===
  #  标准名称                      程序名称                           标准IP(BC+T)    程序IP(col13)         差值  状态
---------------------------------------------------------------------------------------------------------
  1  IP0                       IP0                                 0.000          0.000    +0.0000
  2  IP1                       IP1                                19.280         19.280    -0.0003
  3  IP2                       IP2                               109.243        111.171    +1.9281  <<=== 首次IP偏差
  4  IP3                       IP3                               142.846        146.069    +3.2229  <<<
  5  一流量段末(1#斗门）               IP4                               149.729        153.174    +3.4449  <<<
  6  IP4                       IP5                               250.984        254.429    +3.4453  <<<
  7  IP5                       IP6                               330.244        333.714    +3.4700  <<<
  8  IP6                       IP7                               375.514        380.739    +5.2248  <<<
  9  IP7                       IP8                               527.053        532.833    +5.7799  <<<
 10  1#倒虹吸进                    IP9 1#倒进                          656.363        663.128    +6.7653  <<<
 11  IP8                       IP10                              811.421        818.186    +6.7646  <<<
 12  1#倒虹吸出                    IP11 1#倒出                         844.866        852.527    +7.6610  <<<
 13  IP9                       IP12                              882.439        890.100    +7.6610  <<<
 14  IP10                      IP13                              951.693        960.821    +9.1277  <<<
 15  IP11                      IP14                             1008.423       1018.142    +9.7188  <<<
 16  IP12                      IP15                             1051.407       1062.429   +11.0216  <<<
 17  IP13                      IP16                             1111.525       1122.713   +11.1881  <<<
 18  IP14                      IP17                             1156.851       1171.141   +14.2897  <<<
 19  IP15                      IP18                             1182.830       1197.128   +14.2979  <<<
 20  IP16                      IP19                             1232.392       1246.720   +14.3284  <<<
 21  IP17                      IP20                             1300.772       1315.159   +14.3869  <<<
 22  IP18                      IP21                             1349.407       1364.128   +14.7208  <<<
 23  IP19                      IP22                             1411.227       1426.893   +15.6660  <<<
 24  IP20                      IP23                             1442.598       1460.106   +17.5079  <<<
 25  IP21                      IP24                             1499.658       1520.177   +20.5192  <<<
 26  IP22                      IP25                             1566.630       1587.215   +20.5852  <<<
 27  IP23                      IP26                             1728.538       1749.130   +20.5920  <<<
 28  IP24                      IP27                             1810.673       1831.267   +20.5939  <<<
 29  IP25                      IP28                             1863.684       1885.419   +21.7350  <<<
 30  2#倒虹吸进                    IP29 2#倒进                        1871.834       1893.592   +21.7575  <<<
 31  IP26                      IP30                             1978.467       2000.224   +21.7571  <<<
 32  IP27                      IP31                             2187.152       2208.979   +21.8267  <<<
 33  2#倒虹吸出                    IP32 2#倒出                        2242.890       2264.759   +21.8695  <<<
 34  IP28                      IP33                             2351.388       2373.257   +21.8692  <<<
 35  3#倒虹吸进                    IP34 3#倒进                        2358.266       2380.406   +22.1403  <<<
 36  IP29                      IP35                             2471.006       2493.145   +22.1391  <<<
 37  3#倒虹吸出                    IP36 3#倒出                        2495.095       2517.505   +22.4098  <<<
 38  IP30                      IP37                             2522.740       2545.150   +22.4099  <<<
 39  4#倒虹吸进                    IP38 4#倒进                        2553.268       2575.895   +22.6272  <<<
 40  IP31                      IP39                             2683.312       2705.939   +22.6271  <<<
 41  4#倒虹吸出                    IP40 4#倒出                        2729.833       2752.462   +22.6291  <<<
 42  IP32                      IP41                             2764.845       2787.475   +22.6297  <<<
 43  IP33                      IP42                             2835.822       2861.562   +25.7396  <<<
 44  1#渡槽进                     IP43 1#渡进                        2858.513       2886.574   +28.0611  <<<
 45  1#渡槽出                     IP44 1#渡出                        2942.512       2970.573   +28.0608  <<<
 46  IP34                      IP45                             2959.651       2987.711   +28.0602  <<<
 47  IP35                      IP46                             2985.721       3014.388   +28.6669  <<<
 48  二流量段末(2#斗门)               IP47                             3001.117       3029.985   +28.8682  <<<
 49  IP36                      IP48                             3216.118       3244.987   +28.8687  <<<
 50  IP37                      IP49                             3264.197       3293.066   +28.8694  <<<
 51  2#渡槽进                     IP50 2#渡进                        3327.651       3356.816   +29.1649  <<<
 52  2#渡槽出                     IP51 2#渡出                        3447.651       3476.816   +29.1649  <<<
 53  IP38                      IP52                             3467.747       3496.911   +29.1644  <<<
 54  IP39                      IP53                             3514.898       3549.323   +34.4254  <<<
 55  IP40                      IP54                             3625.069       3659.505   +34.4360  <<<
 56  3#渡槽进                     IP55 3#渡进                        3706.633       3743.239   +36.6057  <<<
 57  3#渡槽出                     IP56 3#渡出                        3826.633       3863.239   +36.6058  <<<
 58  IP41                      IP57                             3844.882       3881.488   +36.6060  <<<
 59  IP42                      IP58                             3870.503       3909.595   +39.0923  <<<
 60  IP43                      IP59                             3922.674       3962.998   +40.3240  <<<
 61  5#倒虹吸进                    IP60 5#倒进                        3927.597       3967.981   +40.3841  <<<
 62  IP44                      IP61                             4005.977       4046.360   +40.3833  <<<
 63  5#倒虹吸出                    IP62 5#倒出                        4062.027       4102.475   +40.4481  <<<
 64  IP45                      IP63                             4117.305       4157.754   +40.4487  <<<
 65  IP46                      IP64                             4154.509       4199.882   +45.3729  <<<
 66  IP47                      IP65                             4169.666       4216.830   +47.1642  <<<
 67  IP48                      IP66                             4345.943       4393.135   +47.1915  <<<
 68  IP49                      IP67                             4405.550       4452.947   +47.3967  <<<
 69  IP50                      IP68                             4478.331       4527.200   +48.8692  <<<
 70  三流量段末(3#斗门)               IP69                             4567.049       4616.028   +48.9794  <<<
 71  IP51                      IP70                             4601.071       4650.049   +48.9784  <<<
 72  IP52                      IP71                             4643.953       4693.196   +49.2432  <<<
 73  IP53                      IP72                             4694.179       4745.008   +50.8295  <<<
 74  6#倒虹吸进                    IP73 6#倒进                        4774.385       4825.377   +50.9916  <<<
 75  6#倒虹吸出                    IP74 6#倒出                        5274.863       5325.855   +50.9921  <<<
 76  IP54                      IP75                             5286.931       5337.923   +50.9924  <<<
 77  IP55                      IP76                             5371.481       5424.981   +53.4997  <<<
 78  IP56                      IP77                             5418.577       5474.622   +56.0452  <<<
 79  IP57                      IP78                             5472.157       5529.076   +56.9186  <<<
 80  IP58                      IP79                             5530.027       5588.171   +58.1439  <<<
 81  IP59                      IP80                             5596.382       5655.042   +58.6602  <<<
 82  IP60                      IP81                             5700.645       5759.539   +58.8942  <<<
 83  IP61                      IP82                             5728.112       5787.417   +59.3051  <<<
 84  7#倒虹吸进                    IP83 7#倒进                        5794.460       5853.957   +59.4967  <<<
 85  7#倒虹吸出                    IP84 7#倒出                        6421.361       6480.858   +59.4973  <<<
 86  1#新庄节制闸                   IP85                             6631.081       6690.578   +59.4967  <<<
 87  IP62                      IP86                             6653.536       6713.033   +59.4972  <<<
 88  8#倒虹吸进                    IP87 8#倒进                        6675.657       6735.297   +59.6401  <<<
 89  IP63                      IP88                             7248.335       7307.975   +59.6395  <<<
 90  IP64                      IP89                             7460.282       7519.960   +59.6778  <<<
 91  IP65                      IP90                             7715.931       7775.851   +59.9195  <<<
 92  IP66                      IP91                             9022.014       9081.935   +59.9212  <<<
 93  8#倒虹吸出                    IP92 8#倒出                        9270.558       9330.495   +59.9370  <<<
 94  四流量段末(4#斗门)               IP93                             9466.991       9526.927   +59.9358  <<<
 95  IP67                      IP94                             9501.196       9561.131   +59.9355  <<<
 96  1#隧洞进                     IP95 1#隧进                        9542.868       9603.027   +60.1590  <<<
 97  IP68                      IP96                             9747.690       9807.850   +60.1596  <<<
 98  IP69                      IP97                            10111.170      10171.333   +60.1627  <<<
 99  1#隧洞出                     IP98 1#隧出                       10160.643      10222.033   +61.3903  <<<
100  IP70                      IP99                            10175.150      10236.540   +61.3901  <<<
101  IP71                      IP100                           10297.419      10360.612   +63.1929  <<<
102  IP72                      IP101                           10373.215      10436.524   +63.3088  <<<
103  IP73                      IP102                           10518.161      10582.175   +64.0138  <<<
104  IP74                      IP103                           10627.813      10691.852   +64.0386  <<<
105  IP75                      IP104                           10682.978      10747.340   +64.3619  <<<
106  IP76                      IP105                           10715.496      10780.751   +65.2549  <<<
107  五流量段末(5#斗门)               IP106                           10862.622      10930.892   +68.2703  <<<

=== 曲线参数对比 (R, 转角°, 切线长T, 弧长L) ===
  #  名称                          stdR  calR     std∆°    cal∆°      d∆      stdT     calT      dT      stdL     calL      dL  状态
----------------------------------------------------------------------------------------------------------------------------------
  1  IP0                            0    27    0.0000   0.0000 +0.0000    0.0000   0.0000 +0.0000    0.0000   0.0000 +0.0000  <<=== 首次参数偏差
  2  IP1                           13    13   66.1930  66.1911 -0.0019    8.4735   8.4730 -0.0005   15.0187  15.0180 -0.0007  <<<
  3  IP2                           13    13   58.5990  58.5987 -0.0003    7.2951   7.2950 -0.0001   13.2957  13.2960 +0.0003
  4  IP3                           13    13   33.4550  33.4551 +0.0001    3.9070   3.9070 +0.0000    7.5907   7.5910 +0.0003
  5  一流量段末(1#斗门）                    0    27    0.0000   0.0005 +0.0005    0.0000   0.0000 +0.0000    0.0000   0.0000 +0.0000  <<<
  6  IP4                           13    13   16.2020  16.2020 +0.0000    1.8504   1.8500 -0.0004    3.6761   3.6760 -0.0001
  7  IP5                           13    13   64.3240  64.3243 +0.0003    8.1745   8.1750 +0.0005   14.5947  14.5950 +0.0003
  8  IP6                           13    13   44.8740  44.8739 -0.0001    5.3680   5.3680 -0.0000   10.1816  10.1820 +0.0004
  9  IP7                           13    13   53.8300  53.8302 +0.0002    6.5996   6.6000 +0.0004   12.2136  12.2140 +0.0004
 10  1#倒虹吸进                         0    27    0.0000   0.0002 +0.0002    0.0000   0.0000 +0.0000    0.0000   0.0000 +0.0000  <<<
 11  IP8                            6     6   66.3390  66.3387 -0.0003    3.9217   3.9220 +0.0003    6.9470   6.9470 -0.0000
 12  1#倒虹吸出                         0    27    0.0000   0.0012 +0.0012    0.0000   0.0000 +0.0000    0.0000   0.0010 +0.0010  <<<
 13  IP9                           13    13   60.9010  60.9002 -0.0008    7.6425   7.6420 -0.0005   13.8180  13.8180 +0.0000
 14  IP10                          13    13   45.8050  45.8047 -0.0003    5.4921   5.4920 -0.0001   10.3928  10.3930 +0.0002
 15  IP11                          13    13   58.7020  58.7025 +0.0005    7.3105   7.3110 +0.0005   13.3191  13.3190 -0.0001
 16  IP12                          13    13   30.4730  30.4714 -0.0016    3.5409   3.5410 +0.0001    6.9141   6.9140 -0.0001  <<<
 17  IP13                          13    13   76.2250  76.2246 -0.0004   10.1979  10.1980 +0.0001   17.2949  17.2950 +0.0001
 18  IP14                          13    13   11.4420  11.4435 +0.0015    1.3024   1.3030 +0.0006    2.5961   2.5960 -0.0001  <<<
 19  IP15                          13    13   17.4090  17.4108 +0.0018    1.9903   1.9910 +0.0007    3.9500   3.9500 +0.0000  <<<
 20  IP16                          13    13   21.5060  21.5069 +0.0009    2.4688   2.4690 +0.0002    4.8796   4.8800 +0.0004
 21  IP17                          13    13   38.1490  38.1490 +0.0000    4.4952   4.4950 -0.0002    8.6557   8.6560 +0.0003
 22  IP18                          13    13   53.1120  53.1121 +0.0001    6.4974   6.4970 -0.0004   12.0507  12.0510 +0.0003
 23  IP19                          13    13   65.2800  65.2799 -0.0001    8.3266   8.3270 +0.0004   14.8116  14.8120 +0.0004
 24  IP20                          13    13   75.5800  75.5796 -0.0004   10.0802  10.0800 -0.0002   17.1486  17.1480 -0.0006
 25  IP21                          13    13   22.4460  22.4457 -0.0003    2.5795   2.5790 -0.0005    5.0928   5.0930 +0.0002
 26  IP22                          13    13   10.1500  10.1500 +0.0000    1.1545   1.1550 +0.0005    2.3030   2.3030 +0.0000
 27  IP23                          13    13    7.0980   7.0985 +0.0005    0.8063   0.8060 -0.0003    1.6105   1.6110 +0.0005
 28  IP24                          13    13   56.3510  56.3514 +0.0004    6.9634   6.9630 -0.0004   12.7856  12.7860 +0.0004
 29  IP25                          13    13   15.7110  15.7057 -0.0053    1.7936   1.7930 -0.0006    3.5647   3.5640 -0.0007  <<<
 30  2#倒虹吸进                         0    27    0.0000   0.0051 +0.0051    0.0000   0.0010 +0.0010    0.0000   0.0020 +0.0020  <<<
 31  IP26                           6     6   29.3410  29.3414 +0.0004    1.5708   1.5710 +0.0002    3.0726   3.0730 +0.0004
 32  IP27                           6     6   25.0520  25.0521 +0.0001    1.3330   1.3330 -0.0000    2.6234   2.6230 -0.0004
 33  2#倒虹吸出                         0    27    0.0000   0.0006 +0.0006    0.0000   0.0000 +0.0000    0.0000   0.0000 +0.0000  <<<
 34  IP28                          13    13   35.5990  35.6026 +0.0036    4.1737   4.1740 +0.0003    8.0772   8.0780 +0.0008  <<<
 35  3#倒虹吸进                         0    27    0.0000   0.0027 +0.0027    0.0000   0.0010 +0.0010    0.0000   0.0010 +0.0010  <<<
 36  IP29                           6     6   45.6850  45.6837 -0.0013    2.5274   2.5270 -0.0004    4.7841   4.7840 -0.0001  <<<
 37  3#倒虹吸出                         0    27    0.0000   0.0019 +0.0019    0.0000   0.0000 +0.0000    0.0000   0.0010 +0.0010  <<<
 38  IP30                          13    13   33.1610  33.1621 +0.0011    3.8707   3.8710 +0.0003    7.5240   7.5240 +0.0000  <<<
 39  4#倒虹吸进                         0    27    0.0010   0.0010 +0.0000    0.0000   0.0000 +0.0000    0.0000   0.0000 +0.0000  <<<
 40  IP31                           6     6    9.4500   9.4514 +0.0014    0.4959   0.4960 +0.0001    0.9896   0.9900 +0.0004  <<<
 41  4#倒虹吸出                         0    27    0.0000   0.0013 +0.0013    0.0000   0.0000 +0.0000    0.0000   0.0010 +0.0010  <<<
 42  IP32                          13    13   76.2830  76.2842 +0.0012   10.2085  10.2090 +0.0005   17.3081  17.3080 -0.0001  <<<
 43  IP33                          13    13   69.9830  69.9852 +0.0022    9.0998   9.1000 +0.0002   15.8786  15.8790 +0.0004  <<<
 44  1#渡槽进                          0    27    0.0000   0.0019 +0.0019    0.0000   0.0000 +0.0000    0.0000   0.0010 +0.0010  <<<
 45  1#渡槽出                          0    27    0.0000   0.0012 +0.0012    0.0000   0.0000 +0.0000    0.0000   0.0010 +0.0010  <<<
 46  IP34                          13    13   46.1630  46.1632 +0.0002    5.5400   5.5400 -0.0000   10.4741  10.4740 -0.0001
 47  IP35                          13    13   32.3450  32.3468 +0.0018    3.7701   3.7700 -0.0001    7.3388   7.3390 +0.0002  <<<
 48  二流量段末(2#斗门)                    0    27    0.0000   0.0020 +0.0020    0.0000   0.0000 +0.0000    0.0000   0.0010 +0.0010  <<<
 49  IP36                          13    13    5.3230   5.3228 -0.0002    0.6043   0.6040 -0.0003    1.2078   1.2080 +0.0002
 50  IP37                          13    13   36.6460  36.6462 +0.0002    4.3051   4.3050 -0.0001    8.3147   8.3150 +0.0003
 51  2#渡槽进                          0    27    0.0000   0.0000 +0.0000    0.0000   0.0000 +0.0000    0.0000   0.0000 +0.0000  <<<
 52  2#渡槽出                          0    27    0.0000   0.0003 +0.0003    0.0000   0.0000 +0.0000    0.0000   0.0000 +0.0000  <<<
 53  IP38                          13    13   88.5610  88.5600 -0.0010   12.6775  12.6770 -0.0005   20.0939  20.0940 +0.0001  <<<
 54  IP39                          13    13   11.9980  11.9972 -0.0008    1.3661   1.3660 -0.0001    2.7223   2.7220 -0.0003
 55  IP40                          13    13   68.5880  68.5887 +0.0007    8.8660   8.8660 -0.0000   15.5621  15.5620 -0.0001
 56  3#渡槽进                          0    27    0.0000   0.0005 +0.0005    0.0000   0.0000 +0.0000    0.0000   0.0000 +0.0000  <<<
 57  3#渡槽出                          0    27    0.0000   0.0014 +0.0014    0.0000   0.0000 +0.0000    0.0000   0.0010 +0.0010  <<<
 58  IP41                          13    13   71.4300  71.4279 -0.0021    9.3466   9.3460 -0.0006   16.2070  16.2060 -0.0010  <<<
 59  IP42                          13    13   57.7070  57.7068 -0.0002    7.1626   7.1630 +0.0004   13.0933  13.0930 -0.0003
 60  IP43                          13    13   21.6780  21.6844 +0.0064    2.4891   2.4900 +0.0009    4.9186   4.9200 +0.0014  <<<
 61  5#倒虹吸进                         0    27    0.0010   0.0061 +0.0051    0.0000   0.0010 +0.0010    0.0000   0.0030 +0.0030  <<<
 62  IP44                           6     6   28.6720  28.6725 +0.0005    1.5334   1.5330 -0.0004    3.0025   3.0030 +0.0005
 63  5#倒虹吸出                         0    27    0.0000   0.0008 +0.0008    0.0000   0.0000 +0.0000    0.0000   0.0000 +0.0000  <<<
 64  IP45                          13    13   86.9550  86.9552 +0.0002   12.3268  12.3270 +0.0002   19.7295  19.7290 -0.0005
 65  IP46                          13    13   64.7330  64.7317 -0.0013    8.2394   8.2390 -0.0004   14.6875  14.6870 -0.0005  <<<
 66  IP47                          13    13   16.7380  16.7397 +0.0017    1.9125   1.9130 +0.0005    3.7977   3.7980 +0.0003  <<<
 67  IP48                          13    13   32.5420  32.5419 -0.0001    3.7943   3.7940 -0.0003    7.3835   7.3840 +0.0005
 68  IP49                          13    13   60.9680  60.9683 +0.0003    7.6527   7.6530 +0.0003   13.8332  13.8330 -0.0002
 69  IP50                          13    13   26.5220  26.5230 +0.0010    3.0637   3.0640 +0.0003    6.0177   6.0180 +0.0003  <<<
 70  三流量段末(3#斗门)                    0    27    0.0000   0.0000 +0.0000    0.0000   0.0000 +0.0000    0.0000   0.0000 +0.0000  <<<
 71  IP51                          13    13   35.3550  35.3555 +0.0005    4.1432   4.1430 -0.0002    8.0218   8.0220 +0.0002
 72  IP52                          13    13   62.3760  62.3770 +0.0010    7.8694   7.8700 +0.0006   14.1527  14.1530 +0.0003  <<<
 73  IP53                          13    13   30.1520  30.1521 +0.0001    3.5018   3.5020 +0.0002    6.8413   6.8410 -0.0003
 74  6#倒虹吸进                         0    27    0.0000   0.0000 +0.0000    0.0000   0.0000 +0.0000    0.0000   0.0000 +0.0000  <<<
 75  6#倒虹吸出                         0    27    0.0000   0.0005 +0.0005    0.0000   0.0000 +0.0000    0.0000   0.0000 +0.0000  <<<
 76  IP54                          13    13   71.6100  71.6088 -0.0012    9.3776   9.3770 -0.0006   16.2478  16.2480 +0.0002  <<<
 77  IP55                          13    13   71.9290  71.9290 +0.0000    9.4328   9.4330 +0.0002   16.3202  16.3200 -0.0002
 78  IP56                          13    13   51.8270  51.8270 +0.0000    6.3162   6.3160 -0.0002   11.7592  11.7590 -0.0002
 79  IP57                          13    13   57.6190  57.6185 -0.0005    7.1496   7.1500 +0.0004   13.0733  13.0730 -0.0003
 80  IP58                          13    13   43.8580  43.8580 +0.0000    5.2336   5.2340 +0.0004    9.9511   9.9510 -0.0001
 81  IP59                          13    13   33.9290  33.9291 +0.0001    3.9657   3.9660 +0.0003    7.6982   7.6980 -0.0002
 82  IP60                          13    13   40.7540  40.7540 +0.0000    4.8287   4.8290 +0.0003    9.2468   9.2470 +0.0002
 83  IP61                          13    13   31.8890  31.8889 -0.0001    3.7141   3.7140 -0.0001    7.2354   7.2350 -0.0004
 84  7#倒虹吸进                         0    27    0.0000   0.0005 +0.0005    0.0000   0.0000 +0.0000    0.0000   0.0000 +0.0000  <<<
 85  7#倒虹吸出                         0    27    0.0000   0.0002 +0.0002    0.0000   0.0000 +0.0000    0.0000   0.0000 +0.0000  <<<
 86  1#新庄节制闸                        0    27    0.0000   0.0019 +0.0019    0.0000   0.0000 +0.0000    0.0000   0.0010 +0.0010  <<<
 87  IP62                          13    13   28.8870  28.8838 -0.0032    3.3484   3.3480 -0.0004    6.5543   6.5540 -0.0003  <<<
 88  8#倒虹吸进                         0    27    0.0000   0.0011 +0.0011    0.0000   0.0000 +0.0000    0.0000   0.0000 +0.0000  <<<
 89  IP63                           5     5   25.0430  25.0432 +0.0002    1.1993   1.1990 -0.0003    2.3602   2.3600 -0.0002
 90  IP64                           5     5   45.4900  45.4903 +0.0003    2.2639   2.2640 +0.0001    4.2873   4.2870 -0.0003
 91  IP65                           5     5    8.9990   8.9985 -0.0005    0.4249   0.4250 +0.0001    0.8481   0.8480 -0.0001
 92  IP66                           5     5   18.6830  18.6835 +0.0005    0.8883   0.8880 -0.0003    1.7608   1.7610 +0.0002
 93  8#倒虹吸出                         0    27    0.0000   0.0001 +0.0001    0.0000   0.0000 +0.0000    0.0000   0.0000 +0.0000  <<<
 94  四流量段末(4#斗门)                    0    27    0.0000   0.0010 +0.0010    0.0000   0.0000 +0.0000    0.0000   0.0000 +0.0000  <<<
 95  IP67                          12    12   34.3330  34.3346 +0.0016    3.7069   3.7070 +0.0001    7.1907   7.1910 +0.0003  <<<
 96  1#隧洞进                          0    27    0.0000   0.0004 +0.0004    0.0000   0.0000 +0.0000    0.0000   0.0000 +0.0000  <<<
 97  IP68                          12    12    8.7950   8.7955 +0.0005    0.9228   0.9230 +0.0002    1.8420   1.8420 -0.0000
 98  IP69                          12    12   59.0880  59.0876 -0.0004    6.8014   6.8010 -0.0004   12.3754  12.3750 -0.0004
 99  1#隧洞出                          0    27    0.0000   0.0013 +0.0013    0.0000   0.0000 +0.0000    0.0000   0.0010 +0.0010  <<<
100  IP70                          12    12   66.4450  66.4462 +0.0012    7.8593   7.8590 -0.0003   13.9162  13.9160 -0.0002  <<<
101  IP71                          12    12   27.6630  27.6635 +0.0005    2.9545   2.9550 +0.0005    5.7937   5.7940 +0.0003
102  IP72                          12    12   49.6830  49.6841 +0.0011    5.5553   5.5550 -0.0003   10.4056  10.4060 +0.0004  <<<
103  IP73                          12    12   16.5700  16.5702 +0.0002    1.7474   1.7470 -0.0004    3.4704   3.4700 -0.0004
104  IP74                          12    12   38.7440  38.7436 -0.0004    4.2193   4.2190 -0.0003    8.1145   8.1140 -0.0005
105  IP75                          12    12   53.5100  53.5101 +0.0001    6.0498   6.0500 +0.0002   11.2071  11.2070 -0.0001
106  IP76                          12    12   77.3890  77.3885 -0.0005    9.6119   9.6120 +0.0001   16.2083  16.2080 -0.0003
107  五流量段末(5#斗门)                    0    27    0.0010   0.0000 -0.0010    0.0000   0.0000 +0.0000    0.0000   0.0000 +0.0000  <<<
